30 30
30
11 11
10 6 11
10 4 1 11
9 7 11
8 1 3 1 11
8 1 1 3 11
7 1 1 1 1 5
7 1 1 1 1 4 5
7 1 1 1 1 1 1 7
6 1 1 1 1 1 9
6 1 1 1 1 1 10
6 1 1 1 1 1 2 2 5
6 1 1 1 1 4 2 3
5 1 1 1 1 4 2 1 3
5 1 4 2 1 3
4 1 3 1 4 2 3
2 1 3 1 4 2 1 3
6 3 1 10 3
2 3 3 2 1
1 5 3 10
1 7 4 9
1 8 5 1 7
1 8 5 4 5
1 8 2 7
1 8 1 16
1 8 1 17
1 6 1 17
2 2 17
10 18
17 10
17 2 2 
17 1 6 1
17 1 8 1
16 1 8 1
14 2 8 1
10 4 8 1
7 4 8 1
5 3 2 7 1
4 2 3 1 2 5 1
2 1 3 4 2
1 2 2 2 1 6
1 5 6 2 3 1
1 4 2 2 4
1 4 3 2 3 5
1 1 1 1 3 5 5
1 1 1 4 5 5
1 5 12 6
1 1 6 7
10 8 8
9 10 7
9 2 1 2 7
8 3 2 2 2 6
8 4 2 2 3 6
7 3 1 1 1 3 5
7 16 5
7 5 4 5
7 11 4 5
7 11 4 5
7 11 4 5
