30 30
1 11 8
1 6 4 9
2 3 1 4 10
4 3 5
3 3 3 1 1
1 5 6 1
15
7 4
3 7 5
2 1 2 6
1 2 1 3 5 2
2 5 1 3 7
13 3 1 3
11 5 1
1 5 1 1 4 2
6 1
1 2 2 1 1 2
2 2 1 1 1 7
1 2 1 5 4 3
2 3 5 3 8
3 6 4 1 2
1 1 5 1 1 3
4 5 1 1
2 4 3 2
2 6 3 2
1 8 1 2 2
9 9
5 1 12
5 1 10 1
7 1 11 3
3 8 1 4 1
1 3 1 8 1
2 1 4 1 1 3
2 1 4 4 3
2 12 4
1 11 4
4 5
1 3 3
1 3 4 2 3 2
3 3 2 4 3
3 5 3 9
3 3 2 11
2 4 1 3 8
3 4 4 1 1
2 5 1 3
1 1 3 5 3 3
3 3 6 3 4
3 1 6 4 4
3 3 1 1 1 4
1 3 3 3 3 5
8 1 2 4
11 3 7
6 3 2 6
3 1 6 4 4
3 5 3 2
5 4 1 1 1
4 1 2 1 1
4 1 1 6 2
4 2 9 1
4 2 3 3 1
